FakeAlmaden [[0, 1], [1, 0], [1, 2], [1, 6], [2, 1], [2, 3], [3, 2], [3, 4], [3, 8], [4, 3], [5, 6], [5, 10], [6, 1], [6, 5], [6, 7], [7, 6], [7, 8], [7, 12], [8, 3], [8, 7], [8, 9], [9, 8], [9, 14], [10, 5], [10, 11], [11, 10], [11, 12], [11, 16], [12, 7], [12, 11], [12, 13], [13, 12], [13, 14], [13, 18], [14, 9], [14, 13], [15, 16], [16, 11], [16, 15], [16, 17], [17, 16], [17, 18], [18, 13], [18, 17], [18, 19], [19, 18]]
FakeArmonk []
FakeAthens [[4, 3], [3, 4], [2, 3], [3, 2], [1, 2], [2, 1], [1, 0], [0, 1]]
FakeBelem [[4, 3], [3, 4], [3, 1], [1, 3], [2, 1], [1, 2], [1, 0], [0, 1]]
FakeBoeblingen [[19, 18], [18, 19], [18, 17], [17, 18], [18, 13], [13, 18], [16, 11], [11, 16], [14, 9], [9, 14], [12, 13], [13, 12], [12, 11], [11, 12], [12, 7], [7, 12], [10, 5], [5, 10], [8, 9], [9, 8], [7, 8], [8, 7], [6, 7], [7, 6], [5, 6], [6, 5], [3, 8], [8, 3], [17, 16], [16, 17], [6, 1], [1, 6], [15, 16], [16, 15], [4, 3], [3, 4], [11, 10], [10, 11], [3, 2], [2, 3], [2, 1], [1, 2], [13, 14], [14, 13], [0, 1], [1, 0]]
FakeBogota [[4, 3], [3, 4], [3, 2], [2, 3], [1, 2], [2, 1], [1, 0], [0, 1]]
FakeBrooklyn [[26, 23], [23, 26], [46, 47], [47, 46], [35, 40], [40, 35], [43, 52], [52, 43], [44, 45], [45, 44], [39, 31], [31, 39], [63, 62], [62, 63], [24, 15], [15, 24], [39, 45], [45, 39], [50, 49], [49, 50], [57, 58], [58, 57], [23, 22], [22, 23], [32, 33], [33, 32], [20, 21], [21, 20], [34, 35], [35, 34], [18, 17], [17, 18], [47, 53], [53, 47], [56, 52], [52, 56], [16, 17], [17, 16], [27, 38], [38, 27], [32, 31], [31, 32], [51, 54], [54, 51], [12, 8], [8, 12], [16, 15], [15, 16], [49, 48], [48, 49], [59, 58], [58, 59], [11, 4], [4, 11], [12, 21], [21, 12], [49, 40], [40, 49], [56, 57], 
[57, 56], [9, 8], [8, 9], [17, 11], [11, 17], [64, 63], [63, 64], [6, 5], [5, 6], [13, 14], [14, 13], [19, 20], [20, 19], [30, 31], [31, 30], [37, 36], [36, 37], [55, 56], [56, 55], [60, 53], [53, 60], [3, 4], [4, 3], [13, 10], [10, 13], [25, 19], [19, 25], [27, 28], [28, 27], [37, 26], [26, 37], [46, 45], [45, 46], [2, 3], [3, 2], [14, 15], [15, 14], [33, 25], [25, 33], [41, 38], [38, 41], [51, 50], [50, 51], [60, 59], [59, 60], [1, 2], [2, 1], [8, 7], [7, 8], [29, 28], [28, 29], [33, 34], [34, 33], [42, 43], [43, 42], [61, 60], [60, 61], [5, 4], [4, 5], [10, 0], [0, 10], [22, 21], [21, 22], 
[24, 29], [29, 24], [42, 41], [41, 42], [48, 47], [47, 48], [64, 54], [54, 64], [0, 1], [1, 0], [7, 6], [6, 7], [18, 19], [19, 18], [29, 30], [30, 29], [36, 35], [35, 36], [44, 43], [43, 44], [61, 62], [62, 61]]
FakeBurlington [[0, 1], [1, 0], [1, 2], [1, 3], [2, 1], [3, 1], [3, 4], [4, 3]]
FakeCairo [[6, 7], [7, 6], [12, 13], [13, 12], [7, 10], [10, 7], [8, 11], [11, 8], [3, 2], [2, 3], [4, 7], [7, 4], [9, 8], [8, 9], [17, 18], [18, 17], [1, 0], [0, 1], [15, 12], [12, 15], [1, 4], [4, 1], [20, 19], [19, 20], [26, 25], [25, 26], [21, 23], [23, 21], [21, 18], [18, 21], [16, 14], [14, 16], [13, 14], [14, 13], [24, 25], [25, 24], [11, 14], [14, 11], [24, 23], [23, 24], [10, 12], [12, 10], [22, 19], [19, 22], [5, 8], [8, 5], [22, 25], [25, 22], [3, 5], [5, 3], [16, 
19], [19, 16], [18, 15], [15, 18], [1, 2], [2, 1]]
FakeCambridge [[0, 1], [0, 5], [1, 0], [1, 2], [2, 1], [2, 3], [3, 2], [3, 4], [4, 3], [4, 6], [5, 0], [5, 9], [6, 4], [6, 13], [7, 8], [7, 16], [8, 7], [8, 9], [9, 5], [9, 8], [9, 10], [10, 9], [10, 11], [11, 10], [11, 12], [11, 17], [12, 
11], [12, 13], [13, 6], [13, 12], [13, 14], [14, 13], [14, 15], [15, 14], [15, 18], [16, 7], [16, 19], [17, 11], [17, 23], [18, 15], [18, 27], [19, 16], [19, 20], [20, 19], [20, 21], [21, 20], [21, 22], [22, 21], [22, 23], [23, 17], [23, 22], [23, 24], [24, 23], [24, 25], [25, 24], [25, 26], [26, 25], [26, 27], [27, 18], [27, 26]]
FakeCambridgeAlternativeBasis [[0, 1], [0, 5], [1, 0], [1, 2], [2, 1], [2, 3], [3, 2], [3, 4], [4, 3], [4, 6], [5, 0], [5, 9], [6, 4], [6, 13], [7, 8], [7, 16], [8, 7], [8, 9], [9, 5], [9, 8], [9, 10], [10, 9], [10, 11], [11, 10], [11, 12], [11, 17], [12, 11], [12, 13], [13, 6], [13, 12], [13, 14], [14, 13], [14, 15], [15, 14], [15, 18], [16, 7], [16, 19], [17, 11], [17, 23], [18, 15], [18, 27], [19, 16], [19, 20], [20, 19], [20, 21], [21, 20], [21, 22], [22, 21], [22, 23], [23, 17], [23, 22], [23, 24], [24, 23], [24, 25], [25, 24], [25, 26], [26, 25], [26, 27], [27, 18], [27, 26]]
FakeCasablanca [[6, 5], [5, 6], [5, 4], [4, 5], [5, 3], [3, 5], [3, 1], [1, 3], [1, 2], [2, 1], [1, 0], [0, 1]]
FakeEssex [[0, 1], [1, 0], [1, 2], [1, 3], [2, 1], [3, 1], [3, 4], [4, 3]]
FakeGuadalupe [[12, 15], [15, 12], [12, 10], [10, 12], [7, 4], [4, 7], [8, 9], [9, 8], [2, 3], [3, 2], [5, 3], [3, 5], [12, 13], [13, 12], [0, 1], [1, 0], [11, 8], [8, 11], [7, 6], [6, 7], [11, 14], [14, 11], [5, 8], [8, 5], [10, 7], [7, 10], [4, 1], [1, 4], [2, 1], [1, 2], [13, 14], [14, 13]]
FakeHanoi [[19, 16], [16, 19], [19, 22], [22, 19], [9, 8], [8, 9], [6, 7], [7, 6], [24, 23], [23, 24], [13, 12], [12, 13], [14, 13], [13, 14], [21, 23], [23, 21], [14, 11], [11, 14], [0, 1], [1, 0], [18, 15], [15, 18], [25, 22], [22, 25], [14, 16], [16, 14], [17, 18], [18, 17], [15, 12], [12, 15], [10, 12], [12, 10], [19, 20], [20, 19], [5, 8], [8, 5], [4, 7], [7, 4], [11, 8], [8, 11], [5, 3], [3, 5], [7, 10], [10, 7], [26, 25], [25, 26], [2, 3], [3, 2], [24, 25], [25, 24], [1, 4], [4, 1], [2, 1], [1, 2], [18, 21], [21, 18]]
FakeJakarta [[5, 4], [4, 5], [1, 3], [3, 1], [6, 5], [5, 6], [3, 5], [5, 3], [2, 1], [1, 2], [0, 1], [1, 0]]
FakeJohannesburg [[0, 1], [0, 5], [1, 0], [1, 2], [2, 1], [2, 3], [3, 2], [3, 4], [4, 3], [4, 9], [5, 0], [5, 6], [5, 10], [6, 5], [6, 7], [7, 6], [7, 8], [7, 12], [8, 7], [8, 9], [9, 4], [9, 8], [9, 14], [10, 5], [10, 11], [10, 15], [11, 10], [11, 12], [12, 7], [12, 11], [12, 13], [13, 12], [13, 14], [14, 9], [14, 13], [14, 19], [15, 10], [15, 16], [16, 15], [16, 17], [17, 16], [17, 18], [18, 17], [18, 19], [19, 14], [19, 18]]
FakeKolkata [[7, 10], [10, 7], [15, 12], [12, 15], [11, 14], [14, 11], [13, 12], [12, 13], [12, 10], [10, 12], [20, 19], [19, 20], [7, 4], [4, 7], [8, 5], [5, 8], [18, 21], [21, 18], [5, 3], [3, 5], [7, 6], [6, 7], [18, 17], [17, 18], [2, 3], [3, 2], [21, 23], [23, 21], [4, 1], [1, 4], [8, 11], [11, 8], [24, 25], [25, 24], [1, 2], [2, 1], [15, 18], [18, 15], [0, 1], [1, 0], [9, 8], [8, 9], [23, 24], [24, 23], [22, 25], [25, 22], [22, 19], [19, 22], [16, 19], [19, 16], [16, 14], [14, 16], [14, 13], [13, 14], [26, 25], [25, 26]]
FakeLagos [[5, 4], [4, 5], [3, 1], [1, 3], [5, 6], [6, 5], [5, 3], [3, 5], [2, 1], [1, 2], [0, 1], [1, 0]]
FakeLima [[4, 3], [3, 4], [0, 1], [1, 0], [3, 1], [1, 3], [2, 1], [1, 2]]
FakeLondon [[0, 1], [1, 0], [1, 2], [1, 3], [2, 1], [3, 1], [3, 4], [4, 3]]
FakeManhattan [[0, 10], [10, 0], [21, 12], [12, 21], [14, 15], [15, 14], [22, 21], [21, 22], [17, 11], [11, 17], [34, 33], [33, 34], [5, 4], [4, 5], [32, 31], [31, 32], [42, 43], [43, 42], [11, 4], [4, 11], [44, 43], [43, 44], [49, 40], [40, 49], [1, 0], [0, 1], [6, 5], [5, 6], [16, 15], [15, 16], [32, 33], [33, 32], [47, 46], [46, 47], [47, 48], [48, 47], [25, 33], [33, 25], [51, 50], [50, 51], [28, 29], [29, 28], [34, 35], [35, 34], [47, 53], [53, 47], [20, 21], [21, 20], [24, 29], [29, 24], [36, 35], [35, 36], [52, 43], [43, 52], [60, 53], [53, 60], [9, 8], [8, 9], [14, 13], [13, 14], [35, 
40], [40, 35], [54, 64], [64, 54], [57, 58], [58, 57], [20, 19], [19, 20], [30, 31], [31, 30], [2, 1], [1, 2], [6, 7], [7, 6], [18, 19], [19, 18], [27, 38], [38, 27], [45, 44], [44, 45], [60, 59], [59, 60], [2, 3], [3, 2], [8, 7], [7, 8], [24, 15], [15, 24], [25, 19], [19, 25], [37, 36], [36, 37], [41, 38], [38, 41], [46, 45], [45, 46], [58, 59], [59, 58], [63, 64], [64, 63], [13, 10], [10, 13], [23, 26], [26, 23], [57, 56], [56, 57], [17, 16], [16, 17], [22, 23], [23, 22], [28, 27], [27, 28], [39, 45], [45, 39], [50, 49], [49, 50], [55, 56], [56, 55], [62, 61], [61, 62], [17, 18], [18, 17], [30, 29], [29, 30], [37, 26], [26, 37], [48, 49], [49, 48], [52, 56], [56, 52], [62, 63], [63, 62], [3, 4], [4, 3], [8, 12], [12, 8], [31, 39], [39, 31], [42, 41], [41, 42], [51, 54], [54, 51], [60, 61], [61, 60]]
FakeManila [[4, 3], [3, 4], [2, 3], [3, 2], [1, 2], [2, 1], [0, 1], [1, 0]]
FakeMelbourne [[14, 0], [0, 14], [14, 13], [13, 14], [6, 8], [8, 6], [5, 9], [9, 5], [4, 10], [10, 4], [11, 3], [3, 11], [12, 2], [2, 12], [13, 1], [1, 13], [13, 12], [12, 13], [11, 12], [12, 11], [10, 11], [11, 10], [9, 10], [10, 9], [9, 8], [8, 9], [7, 8], [8, 7], [5, 6], [6, 5], [5, 4], [4, 5], [4, 3], [3, 4], [2, 3], [3, 2], [1, 2], [2, 1], [1, 0], [0, 1]]
FakeMontreal [[22, 19], [19, 22], [21, 18], [18, 21], [16, 19], [19, 16], [15, 18], [18, 15], [16, 14], [14, 16], [11, 14], [14, 11], [23, 21], [21, 23], [7, 10], [10, 7], [7, 6], [6, 7], [5, 8], [8, 5], [7, 4], [4, 7], [17, 18], [18, 17], 
[20, 19], [19, 20], [5, 3], [3, 5], [12, 13], [13, 12], [25, 26], [26, 25], [3, 2], [2, 3], [12, 10], [10, 12], [23, 24], [24, 23], [1, 4], [4, 1], [11, 8], [8, 11], [25, 22], [22, 25], [2, 1], [1, 2], [13, 14], [14, 13], [0, 1], [1, 0], [9, 8], [8, 9], [15, 12], [12, 15], [24, 25], [25, 24]]
FakeMumbai [[3, 2], [2, 3], [5, 8], [8, 5], [9, 8], [8, 9], [14, 11], [11, 14], [13, 14], [14, 13], [16, 14], [14, 16], 
[2, 1], [1, 2], [19, 16], [16, 19], [12, 13], [13, 12], [24, 23], [23, 24], [8, 11], [11, 8], [18, 21], [21, 18], [3, 5], [5, 3], [10, 12], [12, 10], [22, 19], [19, 22], [10, 7], [7, 10], [25, 22], [22, 25], [6, 7], [7, 6], [17, 18], [18, 17], [4, 7], [7, 4], [20, 19], [19, 20], [21, 23], [23, 21], [4, 1], [1, 4], [15, 18], [18, 15], [26, 25], [25, 26], [0, 
1], [1, 0], [15, 12], [12, 15], [24, 25], [25, 24]]
FakeNairobi [[6, 5], [5, 6], [5, 4], [4, 5], [5, 3], [3, 5], [1, 3], [3, 1], [2, 1], [1, 2], [0, 1], [1, 0]]
FakeOurense [[4, 3], [3, 4], [3, 1], [1, 3], [1, 2], [2, 1], [1, 0], [0, 1]]
FakeParis [[22, 19], [19, 22], [18, 17], [17, 18], [16, 14], [14, 16], [12, 15], [15, 12], [12, 10], [10, 12], [22, 25], [25, 22], [7, 10], [10, 7], [8, 11], [11, 8], [26, 25], [25, 26], [6, 7], [7, 6], [9, 8], [8, 9], [8, 5], [5, 8], [20, 
19], [19, 20], [4, 7], [7, 4], [16, 19], [19, 16], [3, 5], [5, 3], [18, 15], [15, 18], [3, 2], [2, 3], [12, 13], [13, 12], [24, 25], [25, 24], [4, 1], [1, 4], [13, 14], [14, 13], [23, 24], [24, 23], [2, 1], [1, 2], [23, 21], [21, 23], [0, 1], [1, 0], [11, 14], [14, 11], [18, 21], [21, 18]]
FakePoughkeepsie [[0, 1], [0, 5], [1, 0], [1, 2], [2, 1], [2, 3], [3, 2], [3, 4], [4, 3], [4, 9], [5, 0], [5, 6], [5, 10], [6, 5], [6, 7], [7, 6], [7, 8], [7, 12], [8, 7], [8, 9], [9, 4], [9, 8], [9, 14], [10, 5], [10, 11], [10, 15], [11, 10], [11, 12], [12, 7], [12, 11], [12, 13], [13, 12], [13, 14], [14, 9], [14, 13], [14, 19], [15, 10], [15, 16], [16, 15], [16, 17], [17, 16], [17, 18], [18, 17], [18, 19], [19, 14], [19, 18]]
FakeQuito [[3, 4], [4, 3], [1, 3], [3, 1], [1, 2], [2, 1], [0, 1], [1, 0]]
FakeRochester [[0, 1], [0, 5], [1, 0], [1, 2], [2, 1], [2, 3], [3, 2], [3, 4], [4, 3], [4, 6], [5, 0], [5, 9], [6, 4], [6, 13], [7, 8], [7, 16], [8, 7], [8, 9], [9, 5], [9, 8], [9, 10], [10, 9], [10, 11], [11, 10], [11, 12], [11, 17], [12, 
11], [12, 13], [13, 6], [13, 12], [13, 14], [14, 13], [14, 15], [15, 14], [15, 18], [16, 7], [16, 19], [17, 11], [17, 23], [18, 15], [18, 27], [19, 16], [19, 20], [20, 19], [20, 21], [21, 20], [21, 22], [21, 28], [22, 21], [22, 23], [23, 17], [23, 22], [23, 24], [24, 23], [24, 25], [25, 24], [25, 26], [25, 29], [26, 25], [26, 27], [27, 18], [27, 26], [28, 21], [28, 32], [29, 25], [29, 36], [30, 31], [30, 39], [31, 30], [31, 32], [32, 28], [32, 31], [32, 33], [33, 32], [33, 34], [34, 33], [34, 35], [34, 40], [35, 34], [35, 36], [36, 29], [36, 35], [36, 37], [37, 36], [37, 38], [38, 37], [38, 41], [39, 30], [39, 42], [40, 34], [40, 46], [41, 38], [41, 50], [42, 39], [42, 43], [43, 42], [43, 44], [44, 43], [44, 45], [44, 51], [45, 44], [45, 46], [46, 40], [46, 45], [46, 47], [47, 46], [47, 48], [48, 47], [48, 49], [48, 52], [49, 48], [49, 50], [50, 41], [50, 49], [51, 44], [52, 48]]
FakeRome [[3, 4], [4, 3], [3, 2], [2, 3], [1, 2], [2, 1], [0, 1], [1, 0]]
FakeRueschlikon [[1, 0], [1, 2], [2, 3], [3, 4], [3, 14], [5, 4], [6, 5], [6, 7], [6, 11], [7, 10], [8, 7], [9, 8], [9, 
10], [11, 10], [12, 5], [12, 11], [12, 13], [13, 4], [13, 14], [15, 0], [15, 2], [15, 14]]
FakeSantiago [[4, 3], [3, 4], [2, 3], [3, 2], [2, 1], [1, 2], [0, 1], [1, 0]]
FakeSingapore [[0, 1], [1, 0], [1, 2], [1, 6], [2, 1], [2, 3], [3, 2], [3, 4], [3, 8], [4, 3], [5, 6], [5, 10], [6, 1], 
[6, 5], [6, 7], [7, 6], [7, 8], [7, 12], [8, 3], [8, 7], [8, 9], [9, 8], [9, 14], [10, 5], [10, 11], [11, 10], [11, 12], [11, 16], [12, 7], [12, 11], [12, 13], [13, 12], [13, 14], [13, 18], [14, 9], [14, 13], [15, 16], [16, 11], [16, 15], [16, 17], [17, 16], [17, 18], [18, 13], [18, 17], [18, 19], [19, 18]]
FakeSydney [[17, 18], [18, 17], [14, 13], [13, 14], [12, 15], [15, 12], [10, 12], [12, 10], [25, 26], [26, 25], [7, 10], [10, 7], [19, 20], [20, 19], [23, 21], [21, 23], [8, 5], [5, 8], [7, 4], [4, 7], [11, 8], [8, 11], [22, 25], [25, 22], 
[3, 5], [5, 3], [6, 7], [7, 6], [19, 16], [16, 19], [21, 18], [18, 21], [3, 2], [2, 3], [14, 16], [16, 14], [4, 1], [1, 
4], [9, 8], [8, 9], [15, 18], [18, 15], [22, 19], [19, 22], [2, 1], [1, 2], [13, 12], [12, 13], [24, 23], [23, 24], [0, 
1], [1, 0], [14, 11], [11, 14], [24, 25], [25, 24]]
FakeTenerife [[1, 0], [2, 0], [2, 1], [3, 2], [3, 4], [4, 2]]
FakeTokyo [[0, 1], [0, 5], [1, 0], [1, 2], [1, 6], [1, 7], [2, 1], [2, 6], [3, 8], [4, 8], [4, 9], [5, 0], [5, 6], [5, 10], [5, 11], [6, 1], [6, 2], [6, 5], [6, 7], [6, 10], [6, 11], [7, 1], [7, 6], [7, 8], [7, 12], [8, 3], [8, 4], [8, 7], 
[8, 9], [8, 12], [8, 13], [9, 4], [9, 8], [10, 5], [10, 6], [10, 11], [10, 15], [11, 5], [11, 6], [11, 10], [11, 12], [11, 16], [11, 17], [12, 7], [12, 8], [12, 11], [12, 13], [12, 16], [13, 8], [13, 12], [13, 14], [13, 18], [13, 19], [14, 
13], [14, 18], [14, 19], [15, 10], [15, 16], [16, 11], [16, 12], [16, 15], [16, 17], [17, 11], [17, 16], [17, 18], [18, 
13], [18, 14], [18, 17], [19, 13], [19, 14]]
FakeToronto [[16, 14], [14, 16], [9, 8], [8, 9], [5, 8], [8, 5], [5, 3], [3, 5], [26, 25], [25, 26], [18, 17], [17, 18], [18, 15], [15, 18], [12, 15], [15, 12], [2, 3], [3, 2], [13, 12], [12, 13], [25, 24], [24, 25], [12, 10], [10, 12], [19, 22], [22, 19], [7, 10], [10, 7], [25, 22], [22, 25], [6, 7], [7, 6], [11, 8], [8, 11], [21, 18], [18, 21], [7, 4], [4, 7], [19, 16], [16, 19], [1, 4], [4, 1], [14, 11], [11, 14], [24, 23], [23, 24], [2, 1], [1, 2], [20, 19], [19, 20], [23, 21], [21, 23], [0, 1], [1, 0], [13, 14], [14, 13]]
FakeValencia [[3, 4], [4, 3], [1, 3], [3, 1], [2, 1], [1, 2], [0, 1], [1, 0]]
FakeVigo [[3, 4], [4, 3], [3, 1], [1, 3], [1, 2], [2, 1], [0, 1], [1, 0]]
FakeWashington [[72, 62], [62, 72], [77, 71], [71, 77], [71, 58], [58, 71], [85, 73], [73, 85], [60, 61], [61, 60], [83, 84], [84, 83], [93, 106], [106, 93], [60, 59], [59, 60], [68, 69], [69, 68], [85, 86], [86, 85], [111, 104], [104, 111], [41, 53], [53, 41], [68, 67], [67, 68], [39, 33], [33, 39], [51, 50], [50, 51], [95, 94], [94, 95], [103, 102], [102, 
103], [34, 24], [24, 34], [46, 47], [47, 46], [110, 100], [100, 110], [26, 25], [25, 26], [31, 30], [30, 31], [59, 58], 
[58, 59], [64, 63], [63, 64], [68, 55], [55, 68], [85, 84], [84, 85], [101, 100], [100, 101], [107, 106], [106, 107], [121, 120], [120, 121], [23, 24], [24, 23], [46, 45], [45, 46], [99, 100], [100, 99], [122, 121], [121, 122], [23, 22], [22, 23], [50, 49], [49, 50], [82, 81], [81, 82], [103, 104], [104, 103], [21, 22], [22, 21], [61, 62], [62, 61], [124, 123], [123, 124], [15, 22], [22, 15], [44, 45], [45, 44], [113, 114], [114, 113], [15, 4], [4, 15], [78, 79], [79, 78], [104, 105], [105, 104], [125, 124], [124, 125], [12, 11], [11, 12], [34, 43], [43, 34], [35, 28], [28, 35], [119, 120], [120, 119], [14, 0], [0, 14], [28, 29], [29, 28], [38, 39], [39, 38], [49, 55], [55, 49], [57, 58], [58, 57], [82, 83], [83, 82], [91, 98], [98, 91], [93, 87], [87, 93], [117, 118], [118, 117], [126, 125], [125, 126], [8, 16], [16, 8], [17, 30], [30, 17], [33, 20], [20, 33], [44, 43], [43, 44], [49, 48], [48, 49], [57, 56], [56, 57], [66, 73], [73, 66], [72, 81], [81, 72], [89, 74], [74, 89], [90, 94], [94, 90], [99, 98], [98, 99], [106, 105], [105, 106], [115, 116], [116, 115], [7, 6], [6, 7], [13, 12], [12, 13], [19, 18], [18, 19], [25, 24], [24, 25], [35, 47], [47, 35], [38, 37], [37, 38], [51, 36], [36, 51], [53, 60], [60, 53], [65, 66], [66, 65], [87, 88], [88, 87], [90, 75], [75, 90], [91, 79], [79, 91], [92, 83], [83, 92], [110, 118], [118, 110], [111, 122], [122, 111], [112, 126], [126, 112], [6, 5], [5, 6], [11, 10], [10, 11], [14, 18], [18, 14], [27, 26], [26, 27], [32, 36], [36, 32], [40, 41], [41, 40], [64, 54], [54, 64], [77, 76], [76, 77], [96, 97], [97, 96], [101, 102], [102, 101], [5, 4], [4, 5], [27, 28], [28, 27], [52, 37], [37, 52], [66, 67], [67, 66], [78, 77], [77, 78], [3, 4], [4, 3], [41, 42], [42, 41], [56, 52], [52, 56], [62, 63], [63, 62], [88, 89], [89, 88], [92, 102], [102, 92], [108, 107], [107, 108], [2, 3], [3, 2], [7, 8], [8, 7], [29, 30], [30, 29], [40, 39], [39, 40], 
[54, 45], [45, 54], [80, 81], [81, 80], [87, 86], [86, 87], [108, 112], [112, 108], [115, 114], [114, 115], [122, 123], 
[123, 122], [1, 2], [2, 1], [19, 20], [20, 19], [26, 16], [16, 26], [32, 31], [31, 32], [47, 48], [48, 47], [70, 69], [69, 70], [80, 79], [79, 80], [95, 96], [96, 95], [117, 116], [116, 117], [1, 0], [0, 1], [20, 21], [21, 20], [42, 43], [43, 42], [65, 64], [64, 65], [70, 74], [74, 70], [76, 75], [75, 76], [97, 98], [98, 97], [119, 118], [118, 119], [17, 12], [12, 17], [9, 10], [10, 9], [96, 109], [109, 96]]
FakeYorktown [[4, 2], [2, 4], [3, 2], [2, 3], [1, 2], [2, 1], [0, 2], [2, 0], [0, 1], [1, 0], [3, 4], [4, 3]]