1:  [(0, 1), (0, 2), (0, 3), (0, 4)]
2:  [(0, 1), (0, 3), (0, 4), (1, 2)]
3:  [(0, 2), (0, 4), (1, 2), (1, 3)]
4:  [(0, 1), (0, 2), (0, 3), (0, 4), (1, 2)]
5:  [(0, 1), (0, 2), (0, 4), (1, 2), (1, 3)]
6:  [(0, 2), (0, 3), (0, 4), (1, 2), (1, 3)]
7:  [(0, 1), (0, 4), (1, 2), (1, 3), (2, 3)]
8:  [(0, 3), (0, 4), (1, 2), (1, 4), (2, 3)]
9:  [(0, 1), (0, 2), (0, 3), (0, 4), (1, 2), (1, 3)]
10:  [(0, 2), (0, 3), (0, 4), (1, 2), (1, 3), (1, 4)]
11:  [(0, 1), (0, 2), (0, 4), (1, 2), (1, 3), (2, 3)]
12:  [(0, 1), (0, 2), (0, 3), (0, 4), (1, 4), (2, 3)]
13:  [(0, 1), (0, 3), (0, 4), (1, 2), (1, 4), (2, 3)]
14:  [(0, 1), (0, 2), (0, 3), (0, 4), (1, 2), (1, 3), (1, 4)]
15:  [(0, 1), (0, 2), (0, 3), (0, 4), (1, 2), (1, 3), (2, 3)]
16:  [(0, 1), (0, 2), (0, 3), (0, 4), (1, 2), (1, 4), (2, 3)]
17:  [(0, 2), (0, 3), (0, 4), (1, 2), (1, 3), (1, 4), (2, 3)]
18:  [(0, 1), (0, 2), (0, 3), (0, 4), (1, 2), (1, 3), (1, 4), (2, 3)]
19:  [(0, 1), (0, 2), (0, 3), (0, 4), (1, 3), (1, 4), (2, 3), (2, 4)]
20:  [(0, 1), (0, 2), (0, 3), (0, 4), (1, 2), (1, 3), (1, 4), (2, 3), (2, 4)]
21:  [(0, 1), (0, 2), (0, 3), (0, 4), (1, 2), (1, 3), (1, 4), (2, 3), (2, 4), (3, 4)]